0	2	1	1
0.0625	1.96429	0.65625	0.994141
0.125	1.94319	0.445655	0.988443
0.1875	1.93081	0.309429	0.982854
0.25	1.92394	0.218204	0.977345
0.3125	1.92066	0.155654	0.971894
0.375	1.91977	0.112034	0.96649
0.4375	1.92048	0.0812282	0.961125
0.5	1.92223	0.0592581	0.955793
0.5625	1.92468	0.0434652	0.95049
0.625	1.92755	0.0320377	0.945213
0.6875	1.93068	0.0237218	0.939963
0.75	1.93394	0.0176397	0.934736
0.8125	1.93724	0.0131708	0.929534
0.875	1.94051	0.00987322	0.924356
0.9375	1.94372	0.00743	0.919202
1	1.94683	0.00561272	0.914071
1.0625	1.94983	0.0042559	0.908965
1.125	1.95271	0.0032391	0.903884
1.1875	1.95546	0.00247433	0.898828
1.25	1.95807	0.00189706	0.893797
1.3125	1.96055	0.00145976	0.888792
1.375	1.96291	0.00112732	0.883813
1.4375	1.96513	0.000873719	0.878859
1.5	1.96723	0.000679578	0.873933
1.5625	1.96921	0.000530445	0.869033
1.625	1.97108	0.000415492	0.864161
1.6875	1.97285	0.000326584	0.859315
1.75	1.9745	0.000257587	0.854497
1.8125	1.97607	0.000203862	0.849707
1.875	1.97753	0.000161889	0.844945
1.9375	1.97891	0.000128989	0.84021
2	1.98021	0.000103117	0.835504
2.0625	1.98143	8.27054e-005	0.830825
2.125	1.98258	6.65498e-005	0.826175
2.1875	1.98365	5.37223e-005	0.821553
2.25	1.98466	4.35051e-005	0.816959
2.3125	1.98561	3.53419e-005	0.812394
2.375	1.9865	2.87995e-005	0.807857
2.4375	1.98734	2.35401e-005	0.803349
2.5	1.98812	1.92995e-005	0.798868
2.5625	1.98886	1.58701e-005	0.794416
2.625	1.98955	1.30887e-005	0.789992
2.6875	1.9902	1.08261e-005	0.785597
2.75	1.99081	8.9804e-006	0.781229
2.8125	1.99138	7.47049e-006	0.77689
2.875	1.99192	6.23182e-006	0.772579
2.9375	1.99242	5.21288e-006	0.768295
3	1.99289	4.3724e-006	0.76404
3.0625	1.99333	3.67727e-006	0.759812
3.125	1.99375	3.10083e-006	0.755612
3.1875	1.99414	2.62157e-006	0.751439
3.25	1.9945	2.22209e-006	0.747294
3.3125	1.99485	1.88824e-006	0.743176
3.375	1.99517	1.60856e-006	0.739086
3.4375	1.99547	1.37368e-006	0.735022
3.5	1.99575	1.17594e-006	0.730985
3.5625	1.99602	1.00907e-006	0.726976
3.625	1.99626	8.67918e-007	0.722993
3.6875	1.9965	7.48243e-007	0.719036
3.75	1.99672	6.46543e-007	0.715106
3.8125	1.99692	5.59925e-007	0.711202
3.875	1.99711	4.85987e-007	0.707324
3.9375	1.99729	4.22734e-007	0.703473
4	1.99746	3.68506e-007	0.699647
4.0625	1.99762	3.21915e-007	0.695847
4.125	1.99777	2.81803e-007	0.692072
4.1875	1.99791	2.47196e-007	0.688323
4.25	1.99804	2.17279e-007	0.684599
4.3125	1.99816	1.91364e-007	0.680901
4.375	1.99828	1.68872e-007	0.677227
4.4375	1.99838	1.49312e-007	0.673578
4.5	1.99848	1.3227e-007	0.669954
4.5625	1.99858	1.17393e-007	0.666354
4.625	1.99867	1.04382e-007	0.662778
4.6875	1.99875	9.29829e-008	0.659227
4.75	1.99883	8.29773e-008	0.6557
4.8125	1.9989	7.41794e-008	0.652197
4.875	1.99897	6.643e-008	0.648718
4.9375	1.99903	5.95923e-008	0.645262
5	1.9991	5.35488e-008	0.64183
5.0625	1.99915	4.81985e-008	0.638421
5.125	1.9992	4.34539e-008	0.635035
5.1875	1.99925	3.92397e-008	0.631672
5.25	1.9993	3.54906e-008	0.628332
5.3125	1.99934	3.21501e-008	0.625015
5.375	1.99939	2.9169e-008	0.621721
5.4375	1.99942	2.65047e-008	0.618448
5.5	1.99946	2.41198e-008	0.615198
5.5625	1.99949	2.19819e-008	0.611971
5.625	1.99953	2.00627e-008	0.608765
5.6875	1.99956	1.83372e-008	0.605581
5.75	1.99958	1.67839e-008	0.602419
5.8125	1.99961	1.53835e-008	0.599278
5.875	1.99963	1.41193e-008	0.596159
5.9375	1.99966	1.29764e-008	0.593061
6	1.99968	1.1942e-008	0.589984
6.0625	1.9997	1.10044e-008	0.586928
6.125	1.99972	1.01535e-008	0.583893
6.1875	1.99973	9.38029e-009	0.580879
6.25	1.99975	8.67685e-009	0.577885
6.3125	1.99977	8.03606e-009	0.574912
6.375	1.99978	7.45165e-009	0.571959
6.4375	1.99979	6.91803e-009	0.569026
6.5	1.99981	6.4302e-009	0.566113
6.5625	1.99982	5.98373e-009	0.56322
6.625	1.99983	5.57463e-009	0.560347
6.6875	1.99984	5.19938e-009	0.557493
6.75	1.99985	4.85478e-009	0.554659
6.8125	1.99986	4.53799e-009	0.551844
6.875	1.99987	4.24646e-009	0.549049
6.9375	1.99988	3.97788e-009	0.546272
7	1.99989	3.7302e-009	0.543515
7.0625	1.99989	3.50156e-009	0.540776
7.125	1.9999	3.29029e-009	0.538056
7.1875	1.99991	3.09486e-009	0.535355
7.25	1.99991	2.91392e-009	0.532672
7.3125	1.99992	2.74624e-009	0.530007
7.375	1.99992	2.59069e-009	0.527361
7.4375	1.99993	2.44626e-009	0.524733
7.5	1.99993	2.31204e-009	0.522122
7.5625	1.99994	2.1872e-009	0.51953
7.625	1.99994	2.07097e-009	0.516955
7.6875	1.99994	1.96266e-009	0.514398
7.75	1.99995	1.86166e-009	0.511858
7.8125	1.99995	1.76739e-009	0.509336
7.875	1.99995	1.67932e-009	0.50683
7.9375	1.99996	1.59699e-009	0.504342
8	1.99996	1.51996e-009	0.501871
8.0625	1.99996	1.44782e-009	0.499417
8.125	1.99996	1.38022e-009	0.49698
8.1875	1.99997	1.31682e-009	0.494559
8.25	1.99997	1.25732e-009	0.492155
8.3125	1.99997	1.20143e-009	0.489767
8.375	1.99997	1.1489e-009	0.487396
8.4375	1.99997	1.0995e-009	0.485041
8.5	1.99998	1.05299e-009	0.482702
8.5625	1.99998	1.00919e-009	0.480378
8.625	1.99998	9.67902e-010	0.478071
8.6875	1.99998	9.28962e-010	0.47578
8.75	1.99998	8.9221e-010	0.473504
8.8125	1.99998	8.57502e-010	0.471244
8.875	1.99998	8.24703e-010	0.468999
8.9375	1.99998	7.93689e-010	0.466769
9	1.99999	7.64344e-010	0.464555
9.0625	1.99999	7.36562e-010	0.462356
9.125	1.99999	7.10244e-010	0.460172
9.1875	1.99999	6.85299e-010	0.458003
9.25	1.99999	6.61641e-010	0.455849
9.3125	1.99999	6.39191e-010	0.453709
9.375	1.99999	6.17877e-010	0.451584
9.4375	1.99999	5.97629e-010	0.449474
9.5	1.99999	5.78384e-010	0.447378
9.5625	1.99999	5.60083e-010	0.445296
9.625	1.99999	5.42671e-010	0.443229
9.6875	1.99999	5.26095e-010	0.441175
9.75	1.99999	5.10309e-010	0.439136
9.8125	1.99999	4.95268e-010	0.437111
9.875	1.99999	4.80929e-010	0.435099
9.9375	1.99999	4.67253e-010	0.433101
10	1.99999	4.54204e-010	0.431117
10.0625	2	4.41748e-010	0.429147
10.125	2	4.29852e-010	0.42719
10.1875	2	4.18486e-010	0.425246
10.25	2	4.07622e-010	0.423316
10.3125	2	3.97235e-010	0.421399
10.375	2	3.87298e-010	0.419494
10.4375	2	3.77789e-010	0.417603
10.5	2	3.68686e-010	0.415725
10.5625	2	3.59967e-010	0.41386
10.625	2	3.51615e-010	0.412007
10.6875	2	3.43611e-010	0.410168
10.75	2	3.35937e-010	0.40834
10.8125	2	3.28578e-010	0.406525
10.875	2	3.21518e-010	0.404723
10.9375	2	3.14743e-010	0.402933
11	2	3.08239e-010	0.401155
11.0625	2	3.01994e-010	0.399389
11.125	2	2.95995e-010	0.397636
11.1875	2	2.90232e-010	0.395894
11.25	2	2.84694e-010	0.394164
11.3125	2	2.79369e-010	0.392446
11.375	2	2.7425e-010	0.39074
11.4375	2	2.69326e-010	0.389046
11.5	2	2.64589e-010	0.387363
11.5625	2	2.60031e-010	0.385691
11.625	2	2.55644e-010	0.384031
11.6875	2	2.51422e-010	0.382383
11.75	2	2.47356e-010	0.380745
11.8125	2	2.4344e-010	0.379119
11.875	2	2.39668e-010	0.377504
11.9375	2	2.36035e-010	0.3759
12	2	2.32534e-010	0.374307
12.0625	2	2.29161e-010	0.372725
12.125	2	2.25909e-010	0.371153
12.1875	2	2.22775e-010	0.369593
12.25	2	2.19754e-010	0.368043
12.3125	2	2.16841e-010	0.366503
12.375	2	2.14032e-010	0.364975
12.4375	2	2.11323e-010	0.363456
12.5	2	2.0871e-010	0.361948
12.5625	2	2.06191e-010	0.360451
12.625	2	2.03761e-010	0.358963
12.6875	2	2.01417e-010	0.357486
12.75	2	1.99156e-010	0.356019
12.8125	2	1.96975e-010	0.354561
12.875	2	1.94871e-010	0.353114
12.9375	2	1.92842e-010	0.351677
13	2	1.90885e-010	0.35025
13.0625	2	1.88998e-010	0.348832
13.125	2	1.87177e-010	0.347424
13.1875	2	1.85421e-010	0.346025
13.25	2	1.83728e-010	0.344637
13.3125	2	1.82096e-010	0.343257
13.375	2	1.80523e-010	0.341887
13.4375	2	1.79006e-010	0.340527
13.5	2	1.77544e-010	0.339175
13.5625	2	1.76136e-010	0.337833
13.625	2	1.74779e-010	0.336501
13.6875	2	1.73472e-010	0.335177
13.75	2	1.72214e-010	0.333862
13.8125	2	1.71003e-010	0.332556
13.875	2	1.69837e-010	0.33126
13.9375	2	1.68716e-010	0.329972
14	2	1.67638e-010	0.328693
14.0625	2	1.66602e-010	0.327422
14.125	2	1.65607e-010	0.326161
14.1875	2	1.64651e-010	0.324908
14.25	2	1.63734e-010	0.323663
14.3125	2	1.62854e-010	0.322427
14.375	2	1.6201e-010	0.3212
14.4375	2	1.61203e-010	0.31998
14.5	2	1.60429e-010	0.31877
14.5625	2	1.5969e-010	0.317567
14.625	2	1.58983e-010	0.316373
14.6875	2	1.58308e-010	0.315187
14.75	2	1.57665e-010	0.314009
14.8125	2	1.57052e-010	0.312839
14.875	2	1.56469e-010	0.311677
14.9375	2	1.55915e-010	0.310523
15	2	1.5539e-010	0.309376
15.0625	2	1.54892e-010	0.308238
15.125	2	1.54422e-010	0.307108
15.1875	2	1.53978e-010	0.305985
15.25	2	1.5356e-010	0.30487
15.3125	2	1.53167e-010	0.303762
15.375	2	1.528e-010	0.302662
15.4375	2	1.52457e-010	0.30157
15.5	2	1.52138e-010	0.300485
15.5625	2	1.51843e-010	0.299407
15.625	2	1.5157e-010	0.298337
15.6875	2	1.51321e-010	0.297274
15.75	2	1.51093e-010	0.296219
15.8125	2	1.50888e-010	0.29517
15.875	2	1.50703e-010	0.294129
15.9375	2	1.5054e-010	0.293095
16	2	1.50398e-010	0.292068
16.0625	2	1.50276e-010	0.291048
16.125	2	1.50173e-010	0.290035
16.1875	2	1.50091e-010	0.289029
16.25	2	1.50028e-010	0.28803
16.3125	2	1.49984e-010	0.287037
16.375	2	1.4996e-010	0.286052
16.4375	2	1.49953e-010	0.285073
16.5	2	1.49965e-010	0.284101
16.5625	2	1.49995e-010	0.283135
16.625	2	1.50043e-010	0.282176
16.6875	2	1.50109e-010	0.281224
16.75	2	1.50192e-010	0.280278
16.8125	2	1.50292e-010	0.279339
16.875	2	1.50409e-010	0.278406
16.9375	2	1.50543e-010	0.277479
17	2	1.50693e-010	0.276559
17.0625	2	1.5086e-010	0.275645
17.125	2	1.51043e-010	0.274737
17.1875	2	1.51243e-010	0.273836
17.25	2	1.51458e-010	0.27294
17.3125	2	1.51689e-010	0.272051
17.375	2	1.51936e-010	0.271168
17.4375	2	1.52198e-010	0.270291
17.5	2	1.52475e-010	0.269419
17.5625	2	1.52768e-010	0.268554
17.625	2	1.53076e-010	0.267695
17.6875	2	1.53399e-010	0.266842
17.75	2	1.53737e-010	0.265994
17.8125	2	1.5409e-010	0.265152
17.875	2	1.54458e-010	0.264316
17.9375	2	1.5484e-010	0.263486
18	2	1.55237e-010	0.262661
18.0625	2	1.55648e-010	0.261842
18.125	2	1.56074e-010	0.261029
18.1875	2	1.56514e-010	0.260221
18.25	2	1.56968e-010	0.259419
18.3125	2	1.57436e-010	0.258622
18.375	2	1.57919e-010	0.257831
18.4375	2	1.58416e-010	0.257045
18.5	2	1.58926e-010	0.256264
18.5625	2	1.59451e-010	0.255489
18.625	2	1.5999e-010	0.254719
18.6875	2	1.60542e-010	0.253954
18.75	2	1.61109e-010	0.253195
18.8125	2	1.61689e-010	0.252441
18.875	2	1.62283e-010	0.251692
18.9375	2	1.62891e-010	0.250948
19	2	1.63513e-010	0.250209
19.0625	2	1.64149e-010	0.249475
19.125	2	1.64798e-010	0.248746
19.1875	2	1.65461e-010	0.248022
19.25	2	1.66138e-010	0.247303
19.3125	2	1.66828e-010	0.246589
19.375	2	1.67532e-010	0.24588
19.4375	2	1.6825e-010	0.245176
19.5	2	1.68982e-010	0.244476
19.5625	2	1.69727e-010	0.243782
19.625	2	1.70486e-010	0.243092
19.6875	2	1.71259e-010	0.242407
19.75	2	1.72046e-010	0.241726
19.8125	2	1.72846e-010	0.24105
19.875	2	1.7366e-010	0.240379
19.9375	2	1.74488e-010	0.239712
20	2	1.7533e-010	0.23905
