0	2	1	1	1
0.0625	2	0.96875	1	0.999023
0.125	2.00367	0.939541	1.00003	0.998049
0.1875	2.01055	0.911976	1.00008	0.997073
0.25	2.02028	0.885739	1.00016	0.996092
0.3125	2.03255	0.860577	1.00027	0.995104
0.375	2.04712	0.836282	1.0004	0.994106
0.4375	2.0638	0.812689	1.00055	0.993097
0.5	2.08241	0.789663	1.00072	0.992074
0.5625	2.10281	0.767095	1.00091	0.991036
0.625	2.12488	0.744897	1.00112	0.989981
0.6875	2.14853	0.723	1.00136	0.988908
0.75	2.17366	0.70135	1.00161	0.987816
0.8125	2.20019	0.679905	1.00188	0.986702
0.875	2.22806	0.658634	1.00218	0.985566
0.9375	2.25721	0.637516	1.00249	0.984408
1	2.28757	0.61654	1.00282	0.983225
1.0625	2.3191	0.595699	1.00318	0.982018
1.125	2.35173	0.574994	1.00355	0.980784
1.1875	2.38543	0.554431	1.00394	0.979524
1.25	2.42013	0.534021	1.00435	0.978237
1.3125	2.45578	0.51378	1.00478	0.976921
1.375	2.49234	0.493725	1.00522	0.975577
1.4375	2.52974	0.473877	1.00569	0.974204
1.5	2.56792	0.45426	1.00618	0.972801
1.5625	2.60683	0.4349	1.00668	0.971368
1.625	2.6464	0.415823	1.00721	0.969904
1.6875	2.68656	0.397056	1.00775	0.96841
1.75	2.72723	0.378627	1.00831	0.966885
1.8125	2.76835	0.360565	1.00889	0.965329
1.875	2.80983	0.342895	1.00948	0.963741
1.9375	2.8516	0.325644	1.01009	0.962123
2	2.89357	0.308838	1.01072	0.960473
2.0625	2.93564	0.292499	1.01137	0.958793
2.125	2.97774	0.276649	1.01203	0.957082
2.1875	3.01978	0.261307	1.01271	0.955342
2.25	3.06166	0.246489	1.0134	0.953571
2.3125	3.1033	0.232209	1.01411	0.951772
2.375	3.1446	0.218479	1.01483	0.949943
2.4375	3.18548	0.205307	1.01557	0.948087
2.5	3.22586	0.192698	1.01632	0.946204
2.5625	3.26566	0.180653	1.01708	0.944295
2.625	3.3048	0.169174	1.01786	0.942361
2.6875	3.34321	0.158256	1.01865	0.940402
2.75	3.38082	0.147894	1.01945	0.938419
2.8125	3.41758	0.138078	1.02025	0.936415
2.875	3.45342	0.1288	1.02107	0.934389
2.9375	3.48831	0.120045	1.0219	0.932343
3	3.5222	0.111799	1.02274	0.930278
3.0625	3.55505	0.104047	1.02359	0.928196
3.125	3.58685	0.0967707	1.02445	0.926096
3.1875	3.61758	0.0899519	1.02531	0.923982
3.25	3.64721	0.0835715	1.02618	0.921854
3.3125	3.67575	0.0776098	1.02706	0.919712
3.375	3.70319	0.0720465	1.02794	0.917559
3.4375	3.72955	0.0668615	1.02883	0.915395
3.5	3.75482	0.0620346	1.02973	0.913222
3.5625	3.77904	0.0575456	1.03063	0.911041
3.625	3.80221	0.053375	1.03154	0.908852
3.6875	3.82436	0.0495036	1.03245	0.906657
3.75	3.84552	0.0459125	1.03337	0.904457
3.8125	3.86572	0.042584	1.03429	0.902253
3.875	3.88499	0.0395005	1.03521	0.900045
3.9375	3.90336	0.0366457	1.03614	0.897835
4	3.92087	0.0340037	1.03707	0.895624
4.0625	3.93756	0.0315596	1.038	0.893412
4.125	3.95347	0.0292992	1.03894	0.8912
4.1875	3.96862	0.0272093	1.03988	0.888989
4.25	3.98306	0.0252773	1.04082	0.886779
4.3125	3.99682	0.0234914	1.04176	0.884572
4.375	4.00994	0.0218408	1.04271	0.882367
4.4375	4.02246	0.020315	1.04366	0.880166
4.5	4.03441	0.0189047	1.04461	0.877968
4.5625	4.04582	0.017601	1.04556	0.875775
4.625	4.05672	0.0163955	1.04651	0.873586
4.6875	4.06715	0.0152808	1.04747	0.871402
4.75	4.07713	0.0142497	1.04842	0.869225
4.8125	4.0867	0.0132957	1.04938	0.867053
4.875	4.09588	0.0124128	1.05034	0.864887
4.9375	4.10469	0.0115954	1.0513	0.862727
5	4.11317	0.0108383	1.05226	0.860575
5.0625	4.12132	0.010137	1.05322	0.85843
5.125	4.12918	0.00948689	1.05418	0.856292
5.1875	4.13677	0.00888412	1.05514	0.854161
5.25	4.1441	0.00832495	1.05611	0.852038
5.3125	4.15119	0.007806	1.05707	0.849923
5.375	4.15806	0.00732413	1.05804	0.847816
5.4375	4.16472	0.00687649	1.059	0.845718
5.5	4.17119	0.00646043	1.05997	0.843627
5.5625	4.17749	0.00607352	1.06094	0.841545
5.625	4.18362	0.00571354	1.06191	0.839472
5.6875	4.1896	0.00537842	1.06287	0.837407
5.75	4.19543	0.0050663	1.06384	0.83535
5.8125	4.20114	0.00477543	1.06481	0.833303
5.875	4.20672	0.00450421	1.06578	0.831264
5.9375	4.21219	0.00425118	1.06675	0.829234
6	4.21755	0.00401499	1.06772	0.827214
6.0625	4.22282	0.0037944	1.06869	0.825202
6.125	4.22799	0.00358825	1.06966	0.823198
6.1875	4.23308	0.0033955	1.07063	0.821204
6.25	4.2381	0.00321517	1.0716	0.819219
6.3125	4.24304	0.00304636	1.07258	0.817243
6.375	4.24792	0.00288826	1.07355	0.815276
6.4375	4.25273	0.0027401	1.07452	0.813318
6.5	4.25749	0.00260118	1.07549	0.811369
6.5625	4.26219	0.00247085	1.07646	0.80943
6.625	4.26684	0.0023485	1.07744	0.807499
6.6875	4.27145	0.0022336	1.07841	0.805577
6.75	4.27601	0.00212562	1.07938	0.803664
6.8125	4.28053	0.00202409	1.08036	0.80176
6.875	4.28502	0.00192858	1.08133	0.799865
6.9375	4.28947	0.00183868	1.0823	0.797979
7	4.29389	0.00175401	1.08328	0.796102
7.0625	4.29828	0.00167424	1.08425	0.794234
7.125	4.30265	0.00159902	1.08522	0.792375
7.1875	4.30698	0.00152808	1.0862	0.790524
7.25	4.31129	0.00146113	1.08717	0.788682
7.3125	4.31558	0.00139791	1.08815	0.78685
7.375	4.31985	0.00133819	1.08912	0.785026
7.4375	4.3241	0.00128174	1.09009	0.78321
7.5	4.32833	0.00122836	1.09107	0.781404
7.5625	4.33255	0.00117785	1.09204	0.779606
7.625	4.33674	0.00113004	1.09302	0.777816
7.6875	4.34093	0.00108476	1.09399	0.776035
7.75	4.34509	0.00104186	1.09497	0.774263
7.8125	4.34925	0.00100119	1.09594	0.7725
7.875	4.35339	0.000962617	1.09692	0.770744
7.9375	4.35752	0.000926018	1.09789	0.768998
8	4.36165	0.000891276	1.09887	0.767259
8.0625	4.36576	0.00085828	1.09984	0.76553
8.125	4.36986	0.00082693	1.10082	0.763808
8.1875	4.37395	0.000797129	1.10179	0.762095
8.25	4.37803	0.000768788	1.10277	0.76039
8.3125	4.38211	0.000741826	1.10374	0.758693
8.375	4.38618	0.000716163	1.10472	0.757004
8.4375	4.39024	0.000691726	1.10569	0.755324
8.5	4.3943	0.000668448	1.10667	0.753652
8.5625	4.39835	0.000646264	1.10764	0.751988
8.625	4.40239	0.000625114	1.10862	0.750331
8.6875	4.40643	0.000604942	1.10959	0.748683
8.75	4.41046	0.000585695	1.11057	0.747043
8.8125	4.41449	0.000567324	1.11154	0.745411
8.875	4.41851	0.000549782	1.11252	0.743787
8.9375	4.42253	0.000533026	1.11349	0.74217
9	4.42654	0.000517013	1.11447	0.740561
9.0625	4.43055	0.000501706	1.11545	0.738961
9.125	4.43456	0.000487069	1.11642	0.737367
9.1875	4.43856	0.000473066	1.1174	0.735782
9.25	4.44256	0.000459666	1.11837	0.734204
9.3125	4.44656	0.000446839	1.11935	0.732634
9.375	4.45056	0.000434555	1.12032	0.731072
9.4375	4.45455	0.000422788	1.1213	0.729517
9.5	4.45854	0.000411513	1.12227	0.727969
9.5625	4.46252	0.000400705	1.12325	0.726429
9.625	4.4665	0.000390343	1.12423	0.724897
9.6875	4.47049	0.000380403	1.1252	0.723371
9.75	4.47446	0.000370868	1.12618	0.721854
9.8125	4.47844	0.000361716	1.12715	0.720343
9.875	4.48242	0.000352931	1.12813	0.71884
9.9375	4.48639	0.000344495	1.1291	0.717344
10	4.49036	0.000336392	1.13008	0.715856
10.0625	4.49433	0.000328607	1.13106	0.714374
10.125	4.4983	0.000321125	1.13203	0.7129
10.1875	4.50226	0.000313933	1.13301	0.711433
10.25	4.50623	0.000307019	1.13398	0.709972
10.3125	4.51019	0.000300368	1.13496	0.708519
10.375	4.51415	0.000293971	1.13594	0.707073
10.4375	4.51811	0.000287815	1.13691	0.705634
10.5	4.52207	0.000281891	1.13789	0.704202
10.5625	4.52603	0.000276188	1.13886	0.702777
10.625	4.52999	0.000270698	1.13984	0.701358
10.6875	4.53394	0.00026541	1.14082	0.699947
10.75	4.5379	0.000260318	1.14179	0.698542
10.8125	4.54185	0.000255412	1.14277	0.697144
10.875	4.5458	0.000250684	1.14374	0.695753
10.9375	4.54975	0.000246129	1.14472	0.694369
11	4.5537	0.000241738	1.1457	0.692991
11.0625	4.55765	0.000237505	1.14667	0.69162
11.125	4.5616	0.000233424	1.14765	0.690255
11.1875	4.56555	0.000229489	1.14862	0.688897
11.25	4.5695	0.000225693	1.1496	0.687545
11.3125	4.57345	0.000222033	1.15058	0.6862
11.375	4.57739	0.000218502	1.15155	0.684862
11.4375	4.58134	0.000215096	1.15253	0.68353
11.5	4.58528	0.00021181	1.1535	0.682204
11.5625	4.58922	0.000208639	1.15448	0.680885
11.625	4.59317	0.000205579	1.15546	0.679572
11.6875	4.59711	0.000202627	1.15643	0.678265
11.75	4.60105	0.000199778	1.15741	0.676965
11.8125	4.60499	0.000197028	1.15838	0.675671
11.875	4.60893	0.000194374	1.15936	0.674383
11.9375	4.61287	0.000191813	1.16034	0.673101
12	4.61681	0.000189342	1.16131	0.671826
12.0625	4.62075	0.000186957	1.16229	0.670556
12.125	4.62469	0.000184655	1.16326	0.669293
12.1875	4.62863	0.000182434	1.16424	0.668036
12.25	4.63257	0.000180291	1.16522	0.666785
12.3125	4.63651	0.000178223	1.16619	0.66554
12.375	4.64044	0.000176229	1.16717	0.6643
12.4375	4.64438	0.000174304	1.16814	0.663067
12.5	4.64831	0.000172449	1.16912	0.66184
12.5625	4.65225	0.000170659	1.1701	0.660618
12.625	4.65619	0.000168933	1.17107	0.659403
12.6875	4.66012	0.00016727	1.17205	0.658193
12.75	4.66405	0.000165667	1.17303	0.656989
12.8125	4.66799	0.000164122	1.174	0.655791
12.875	4.67192	0.000162634	1.17498	0.654598
12.9375	4.67586	0.000161202	1.17595	0.653412
13	4.67979	0.000159823	1.17693	0.652231
13.0625	4.68372	0.000158496	1.17791	0.651055
13.125	4.68765	0.000157219	1.17888	0.649886
13.1875	4.69159	0.000155992	1.17986	0.648722
13.25	4.69552	0.000154813	1.18083	0.647563
13.3125	4.69945	0.00015368	1.18181	0.64641
13.375	4.70338	0.000152593	1.18279	0.645263
13.4375	4.70731	0.00015155	1.18376	0.644121
13.5	4.71124	0.00015055	1.18474	0.642984
13.5625	4.71517	0.000149592	1.18572	0.641853
13.625	4.7191	0.000148675	1.18669	0.640727
13.6875	4.72303	0.000147799	1.18767	0.639607
13.75	4.72696	0.000146961	1.18864	0.638492
13.8125	4.73089	0.000146162	1.18962	0.637383
13.875	4.73482	0.0001454	1.1906	0.636279
13.9375	4.73874	0.000144675	1.19157	0.63518
14	4.74267	0.000143986	1.19255	0.634086
14.0625	4.7466	0.000143331	1.19352	0.632998
14.125	4.75053	0.000142711	1.1945	0.631914
14.1875	4.75446	0.000142125	1.19548	0.630836
14.25	4.75838	0.000141572	1.19645	0.629763
14.3125	4.76231	0.000141051	1.19743	0.628696
14.375	4.76624	0.000140562	1.19841	0.627633
14.4375	4.77016	0.000140104	1.19938	0.626575
14.5	4.77409	0.000139677	1.20036	0.625523
14.5625	4.77801	0.00013928	1.20133	0.624476
14.625	4.78194	0.000138912	1.20231	0.623433
14.6875	4.78586	0.000138574	1.20329	0.622396
14.75	4.78979	0.000138265	1.20426	0.621363
14.8125	4.79371	0.000137984	1.20524	0.620336
14.875	4.79764	0.000137731	1.20621	0.619313
14.9375	4.80156	0.000137506	1.20719	0.618295
15	4.80549	0.000137308	1.20817	0.617282
15.0625	4.80941	0.000137137	1.20914	0.616274
15.125	4.81333	0.000136992	1.21012	0.615271
15.1875	4.81726	0.000136874	1.21109	0.614273
15.25	4.82118	0.000136781	1.21207	0.613279
15.3125	4.8251	0.000136715	1.21305	0.61229
15.375	4.82902	0.000136674	1.21402	0.611306
15.4375	4.83295	0.000136658	1.215	0.610327
15.5	4.83687	0.000136667	1.21598	0.609352
15.5625	4.84079	0.000136701	1.21695	0.608382
15.625	4.84471	0.00013676	1.21793	0.607417
15.6875	4.84863	0.000136843	1.2189	0.606456
15.75	4.85255	0.000136951	1.21988	0.6055
15.8125	4.85647	0.000137082	1.22086	0.604548
15.875	4.8604	0.000137238	1.22183	0.603601
15.9375	4.86432	0.000137418	1.22281	0.602658
16	4.86824	0.000137622	1.22378	0.60172
16.0625	4.87215	0.000137849	1.22476	0.600787
16.125	4.87607	0.0001381	1.22574	0.599858
16.1875	4.87999	0.000138375	1.22671	0.598933
16.25	4.88391	0.000138673	1.22769	0.598013
16.3125	4.88783	0.000138995	1.22867	0.597097
16.375	4.89175	0.000139341	1.22964	0.596186
16.4375	4.89567	0.00013971	1.23062	0.595279
16.5	4.89958	0.000140102	1.23159	0.594376
16.5625	4.9035	0.000140518	1.23257	0.593478
16.625	4.90742	0.000140958	1.23355	0.592584
16.6875	4.91134	0.000141421	1.23452	0.591694
16.75	4.91525	0.000141908	1.2355	0.590808
16.8125	4.91917	0.000142419	1.23647	0.589927
16.875	4.92309	0.000142953	1.23745	0.58905
16.9375	4.927	0.000143512	1.23843	0.588177
17	4.93092	0.000144094	1.2394	0.587308
17.0625	4.93483	0.0001447	1.24038	0.586444
17.125	4.93875	0.000145331	1.24135	0.585583
17.1875	4.94266	0.000145985	1.24233	0.584727
17.25	4.94658	0.000146665	1.24331	0.583875
17.3125	4.95049	0.000147368	1.24428	0.583027
17.375	4.9544	0.000148097	1.24526	0.582183
17.4375	4.95832	0.00014885	1.24623	0.581343
17.5	4.96223	0.000149628	1.24721	0.580507
17.5625	4.96614	0.000150432	1.24819	0.579675
17.625	4.97005	0.000151261	1.24916	0.578848
17.6875	4.97397	0.000152116	1.25014	0.578024
17.75	4.97788	0.000152996	1.25111	0.577204
17.8125	4.98179	0.000153903	1.25209	0.576388
17.875	4.9857	0.000154836	1.25307	0.575576
17.9375	4.98961	0.000155795	1.25404	0.574767
18	4.99352	0.000156782	1.25502	0.573963
18.0625	4.99743	0.000157795	1.25599	0.573163
18.125	5.00134	0.000158836	1.25697	0.572366
18.1875	5.00525	0.000159905	1.25795	0.571573
18.25	5.00916	0.000161001	1.25892	0.570784
18.3125	5.01306	0.000162126	1.2599	0.569999
18.375	5.01697	0.000163279	1.26087	0.569218
18.4375	5.02088	0.000164462	1.26185	0.56844
18.5	5.02479	0.000165674	1.26283	0.567666
18.5625	5.02869	0.000166915	1.2638	0.566896
18.625	5.0326	0.000168187	1.26478	0.56613
18.6875	5.0365	0.000169489	1.26575	0.565367
18.75	5.04041	0.000170822	1.26673	0.564608
18.8125	5.04431	0.000172186	1.26771	0.563852
18.875	5.04822	0.000173581	1.26868	0.563101
18.9375	5.05212	0.000175009	1.26966	0.562352
19	5.05603	0.00017647	1.27063	0.561608
19.0625	5.05993	0.000177963	1.27161	0.560867
19.125	5.06383	0.00017949	1.27258	0.560129
19.1875	5.06773	0.000181051	1.27356	0.559396
19.25	5.07163	0.000182646	1.27454	0.558665
19.3125	5.07553	0.000184277	1.27551	0.557939
19.375	5.07943	0.000185942	1.27649	0.557215
19.4375	5.08333	0.000187644	1.27746	0.556496
19.5	5.08723	0.000189383	1.27844	0.555779
19.5625	5.09113	0.000191158	1.27942	0.555067
19.625	5.09503	0.000192972	1.28039	0.554357
19.6875	5.09893	0.000194824	1.28137	0.553651
19.75	5.10282	0.000196714	1.28234	0.552949
19.8125	5.10672	0.000198645	1.28332	0.55225
19.875	5.11061	0.000200615	1.28429	0.551554
19.9375	5.11451	0.000202627	1.28527	0.550862
20	5.1184	0.00020468	1.28625	0.550173
